231
0 0
5 0
10 0
15 0
20 0
25 0
30 0
35 0
40 0
45 0
50 0
55 0
60 0
65 0
70 0
75 0
80 0
85 0
90 0
95 0
100 0
0 5
5 5
10 5
15 5
20 5
25 5
30 5
35 5
40 5
45 5
50 5
55 5
60 5
65 5
70 5
75 5
80 5
85 5
90 5
95 5
100 5
0 10
5 10
10 10
15 10
20 10
25 10
30 10
35 10
40 10
45 10
50 10
55 10
60 10
65 10
70 10
75 10
80 10
85 10
90 10
95 10
100 10
0 15
5 15
10 15
15 15
20 15
25 15
30 15
35 15
40 15
45 15
50 15
55 15
60 15
65 15
70 15
75 15
80 15
85 15
90 15
95 15
100 15
0 20
5 20
10 20
15 20
20 20
25 20
30 20
35 20
40 20
45 20
50 20
55 20
60 20
65 20
70 20
75 20
80 20
85 20
90 20
95 20
100 20
0 25
5 25
10 25
15 25
20 25
25 25
30 25
35 25
40 25
45 25
50 25
55 25
60 25
65 25
70 25
75 25
80 25
85 25
90 25
95 25
100 25
0 30
5 30
10 30
15 30
20 30
25 30
30 30
35 30
40 30
45 30
50 30
55 30
60 30
65 30
70 30
75 30
80 30
85 30
90 30
95 30
100 30
0 35
5 35
10 35
15 35
20 35
25 35
30 35
35 35
40 35
45 35
50 35
55 35
60 35
65 35
70 35
75 35
80 35
85 35
90 35
95 35
100 35
0 40
5 40
10 40
15 40
20 40
25 40
30 40
35 40
40 40
45 40
50 40
55 40
60 40
65 40
70 40
75 40
80 40
85 40
90 40
95 40
100 40
0 45
5 45
10 45
15 45
20 45
25 45
30 45
35 45
40 45
45 45
50 45
55 45
60 45
65 45
70 45
75 45
80 45
85 45
90 45
95 45
100 45
0 50
5 50
10 50
15 50
20 50
25 50
30 50
35 50
40 50
45 50
50 50
55 50
60 50
65 50
70 50
75 50
80 50
85 50
90 50
95 50
100 50
430
0 1 0 -1 1 0.705918 0.368636 0.670265
1 2 1 -1 1 0.647487 0.316823 0.350898
2 3 2 -1 1 0.535936 0.470286 0.594625
3 4 3 -1 1 0.362263 0.549403 0.316672
4 5 4 -1 1 0.307825 0.607439 0.72151
5 6 5 -1 1 0.426033 0.340823 0.717755
6 7 6 -1 1 0.303736 0.382752 0.410864
7 8 7 -1 1 0.383329 0.603231 0.502841
8 9 8 -1 1 0.746568 0.563143 0.746176
9 10 9 -1 1 0.483992 0.451489 0.681547
10 11 10 -1 1 0.263239 0.263856 0.631804
11 12 11 -1 1 0.724726 0.47508 0.67342
12 13 12 -1 1 0.673729 0.370501 0.514131
13 14 13 -1 1 0.492911 0.349709 0.557488
14 15 14 -1 1 0.708884 0.710407 0.313325
15 16 15 -1 1 0.561172 0.62162 0.56909
16 17 16 -1 1 0.695474 0.333015 0.490983
17 18 17 -1 1 0.444345 0.610321 0.670544
18 19 18 -1 1 0.327773 0.3872 0.66765
19 20 19 -1 1 0.694578 0.269767 0.472437
21 22 20 0 0 0.748428 0.333061 0.256808
22 23 21 1 0 0.679991 0.602309 0.503253
23 24 22 2 0 0.667489 0.4815 0.577436
24 25 23 3 1 0.464853 0.281671 0.541691
25 26 24 4 0 0.693715 0.263901 0.377856
26 27 25 5 0 0.63015 0.430221 0.726571
27 28 26 6 0 0.477019 0.264418 0.565694
28 29 27 7 0 0.611479 0.619244 0.62514
29 30 28 8 0 0.736172 0.335783 0.500426
30 31 29 9 1 0.664894 0.378712 0.50487
31 32 30 10 0 0.346086 0.666465 0.279599
32 33 31 11 1 0.714058 0.66958 0.622736
33 34 32 12 1 0.320742 0.711278 0.449571
34 35 33 13 0 0.443766 0.368961 0.624478
35 36 34 14 1 0.59512 0.677072 0.545135
36 37 35 15 0 0.589223 0.565156 0.581754
37 38 36 16 1 0.541178 0.573223 0.665239
38 39 37 17 1 0.672631 0.415966 0.633147
39 40 38 18 1 0.299004 0.361209 0.34189
40 41 39 19 0 0.651798 0.264119 0.544706
42 43 40 20 1 0.37234 0.413803 0.27963
43 44 41 21 0 0.746928 0.617192 0.644505
44 45 42 22 1 0.702949 0.467788 0.614211
45 46 43 23 0 0.547028 0.391506 0.539214
46 47 44 24 0 0.562979 0.491271 0.287952
47 48 45 25 0 0.611261 0.45916 0.597369
48 49 46 26 1 0.473391 0.285762 0.307795
49 50 47 27 0 0.602337 0.46997 0.291947
50 51 48 28 0 0.749284 0.719403 0.506289
51 52 49 29 1 0.693788 0.500334 0.61224
52 53 50 30 0 0.425766 0.354013 0.393039
53 54 51 31 1 0.306153 0.514021 0.650259
54 55 52 32 1 0.395562 0.707023 0.433849
55 56 53 33 0 0.69288 0.734058 0.306164
56 57 54 34 0 0.694384 0.504355 0.698014
57 58 55 35 1 0.528638 0.321218 0.716809
58 59 56 36 1 0.400761 0.582996 0.419704
59 60 57 37 0 0.469489 0.695141 0.738641
60 61 58 38 1 0.333102 0.448382 0.450871
61 62 59 39 1 0.288802 0.392835 0.378039
63 64 60 40 0 0.700521 0.651425 0.506127
64 65 61 41 0 0.468924 0.712094 0.663041
65 66 62 42 0 0.73191 0.715183 0.577411
66 67 63 43 1 0.540871 0.419305 0.256769
67 68 64 44 1 0.510793 0.397965 0.592376
68 69 65 45 0 0.558633 0.452482 0.362729
69 70 66 46 0 0.391421 0.614623 0.462861
70 71 67 47 1 0.310301 0.727014 0.421254
71 72 68 48 0 0.522748 0.324624 0.462736
72 73 69 49 1 0.697138 0.300757 0.328432
73 74 70 50 1 0.464553 0.740303 0.278151
74 75 71 51 0 0.392015 0.593447 0.562726
75 76 72 52 1 0.741838 0.57012 0.500903
76 77 73 53 1 0.678255 0.433458 0.627225
77 78 74 54 0 0.276286 0.545097 0.448286
78 79 75 55 1 0.343765 0.661696 0.617949
79 80 76 56 1 0.366699 0.612154 0.477309
80 81 77 57 0 0.62941 0.493639 0.591637
81 82 78 58 1 0.650324 0.497808 0.66026
82 83 79 59 0 0.498413 0.330835 0.339857
84 85 80 60 0 0.470568 0.34052 0.613917
85 86 81 61 0 0.605571 0.33937 0.295057
86 87 82 62 1 0.52011 0.482694 0.632613
87 88 83 63 1 0.32273 0.620467 0.696521
88 89 84 64 0 0.431941 0.634815 0.342008
89 90 85 65 0 0.631799 0.640679 0.390773
90 91 86 66 0 0.727865 0.729963 0.483139
91 92 87 67 0 0.611429 0.280777 0.521514
92 93 88 68 0 0.593386 0.541874 0.281597
93 94 89 69 0 0.300906 0.32432 0.351725
94 95 90 70 0 0.444591 0.745098 0.35978
95 96 91 71 0 0.320161 0.443672 0.291533
96 97 92 72 1 0.288664 0.575615 0.367032
97 98 93 73 1 0.710133 0.708341 0.581624
98 99 94 74 0 0.361475 0.312692 0.415968
99 100 95 75 1 0.671015 0.744592 0.357561
100 101 96 76 0 0.520554 0.446076 0.698142
101 102 97 77 0 0.670081 0.559272 0.689462
102 103 98 78 0 0.291207 0.32173 0.313308
103 104 99 79 1 0.270333 0.480106 0.641909
105 106 100 80 1 0.568597 0.403322 0.63918
106 107 101 81 0 0.69584 0.479145 0.497158
107 108 102 82 1 0.737721 0.374747 0.376139
108 109 103 83 0 0.275868 0.518282 0.257886
109 110 104 84 1 0.294694 0.415225 0.680662
110 111 105 85 1 0.379285 0.644499 0.598213
111 112 106 86 1 0.663338 0.725987 0.661637
112 113 107 87 0 0.633951 0.317903 0.488403
113 114 108 88 1 0.584197 0.603801 0.583581
114 115 109 89 1 0.742608 0.507769 0.579647
115 116 110 90 0 0.624493 0.357464 0.389499
116 117 111 91 0 0.313338 0.27097 0.689338
117 118 112 92 1 0.703159 0.500235 0.457965
118 119 113 93 0 0.520411 0.54585 0.597354
119 120 114 94 1 0.729647 0.672888 0.73564
120 121 115 95 1 0.402628 0.467128 0.527048
121 122 116 96 1 0.591757 0.656661 0.499025
122 123 117 97 0 0.618237 0.711633 0.408749
123 124 118 98 0 0.341027 0.640203 0.383877
124 125 119 99 1 0.323332 0.737603 0.397947
126 127 120 100 1 0.298535 0.472378 0.25066
127 128 121 101 1 0.343526 0.645492 0.291972
128 129 122 102 1 0.672746 0.334506 0.543457
129 130 123 103 0 0.376476 0.437249 0.336935
130 131 124 104 0 0.368816 0.687248 0.58367
131 132 125 105 0 0.734674 0.660928 0.711902
132 133 126 106 0 0.437544 0.300207 0.582536
133 134 127 107 1 0.681241 0.613782 0.331925
134 135 128 108 1 0.664999 0.637301 0.611634
135 136 129 109 1 0.739786 0.580433 0.344229
136 137 130 110 1 0.452705 0.618365 0.364048
137 138 131 111 1 0.562782 0.672342 0.558134
138 139 132 112 0 0.562277 0.697715 0.494999
139 140 133 113 0 0.451245 0.575364 0.647312
140 141 134 114 1 0.375513 0.253589 0.565946
141 142 135 115 1 0.348381 0.745077 0.511377
142 143 136 116 1 0.718215 0.539346 0.292935
143 144 137 117 0 0.35594 0.278997 0.605374
144 145 138 118 1 0.528965 0.30989 0.325322
145 146 139 119 0 0.691243 0.713765 0.747138
147 148 140 120 0 0.641656 0.319716 0.458904
148 149 141 121 0 0.298997 0.749769 0.375325
149 150 142 122 0 0.587615 0.54489 0.472012
150 151 143 123 0 0.612486 0.545512 0.424927
151 152 144 124 0 0.745405 0.525047 0.458424
152 153 145 125 0 0.733227 0.352225 0.341929
153 154 146 126 1 0.306806 0.490453 0.543134
154 155 147 127 0 0.448506 0.53582 0.521332
155 156 148 128 0 0.52847 0.502508 0.658951
156 157 149 129 1 0.488143 0.715408 0.36893
157 158 150 130 1 0.614257 0.317866 0.377105
158 159 151 131 1 0.49641 0.661098 0.568402
159 160 152 132 0 0.625612 0.653123 0.542286
160 161 153 133 1 0.69862 0.713445 0.36413
161 162 154 134 1 0.42482 0.456688 0.563567
162 163 155 135 0 0.362036 0.745576 0.400114
163 164 156 136 1 0.719894 0.25977 0.459413
164 165 157 137 0 0.34958 0.387138 0.636009
165 166 158 138 0 0.409496 0.398616 0.546647
166 167 159 139 0 0.502262 0.508956 0.523678
168 169 160 140 0 0.448472 0.467277 0.524481
169 170 161 141 1 0.457642 0.593 0.549373
170 171 162 142 0 0.307532 0.682786 0.581006
171 172 163 143 1 0.466503 0.519787 0.560436
172 173 164 144 0 0.253769 0.599012 0.594718
173 174 165 145 1 0.431865 0.347429 0.730854
174 175 166 146 1 0.467732 0.675203 0.643206
175 176 167 147 1 0.364949 0.696385 0.649835
176 177 168 148 0 0.268095 0.374899 0.422531
177 178 169 149 1 0.476387 0.643714 0.394134
178 179 170 150 0 0.709442 0.585568 0.640515
179 180 171 151 0 0.642998 0.36275 0.746183
180 181 172 152 0 0.591021 0.296511 0.462131
181 182 173 153 1 0.533118 0.622211 0.508156
182 183 174 154 1 0.583375 0.289516 0.391418
183 184 175 155 0 0.566428 0.453162 0.292727
184 185 176 156 1 0.359501 0.640606 0.672078
185 186 177 157 0 0.623878 0.513809 0.589871
186 187 178 158 1 0.461904 0.722639 0.398534
187 188 179 159 1 0.655702 0.383095 0.675266
189 190 180 160 0 0.699656 0.624819 0.336407
190 191 181 161 1 0.496542 0.386404 0.299624
191 192 182 162 0 0.287095 0.709059 0.648352
192 193 183 163 0 0.349385 0.620874 0.523968
193 194 184 164 0 0.328726 0.393909 0.435019
194 195 185 165 1 0.35648 0.36178 0.443875
195 196 186 166 1 0.707164 0.299392 0.38396
196 197 187 167 0 0.709507 0.684488 0.690193
197 198 188 168 1 0.5753 0.574399 0.425906
198 199 189 169 0 0.697772 0.448685 0.554188
199 200 190 170 0 0.739703 0.688463 0.493612
200 201 191 171 0 0.634718 0.711177 0.747888
201 202 192 172 1 0.748259 0.481559 0.555619
202 203 193 173 1 0.281073 0.490668 0.657754
203 204 194 174 0 0.373266 0.487283 0.272736
204 205 195 175 0 0.37622 0.631153 0.285517
205 206 196 176 0 0.675925 0.279389 0.68496
206 207 197 177 1 0.623999 0.54843 0.468655
207 208 198 178 0 0.677515 0.497435 0.397244
208 209 199 179 0 0.475372 0.571972 0.63571
210 211 -1 180 1 0.386282 0.736977 0.371492
211 212 -1 181 1 0.670789 0.447433 0.511198
212 213 -1 182 1 0.708358 0.36832 0.35373
213 214 -1 183 1 0.646855 0.6876 0.500456
214 215 -1 184 1 0.657506 0.695942 0.692862
215 216 -1 185 1 0.432015 0.368306 0.618184
216 217 -1 186 1 0.319814 0.612021 0.73676
217 218 -1 187 1 0.728345 0.29079 0.31457
218 219 -1 188 1 0.480063 0.424028 0.633441
219 220 -1 189 1 0.749539 0.497179 0.588221
220 221 -1 190 1 0.72882 0.282691 0.692701
221 222 -1 191 1 0.732625 0.735566 0.664308
222 223 -1 192 1 0.532137 0.630549 0.633283
223 224 -1 193 1 0.593289 0.400728 0.530881
224 225 -1 194 1 0.520671 0.414232 0.49226
225 226 -1 195 1 0.407494 0.747823 0.662409
226 227 -1 196 1 0.599987 0.484204 0.515144
227 228 -1 197 1 0.532231 0.712845 0.285601
228 229 -1 198 1 0.599303 0.491149 0.747105
229 230 -1 199 1 0.594167 0.659515 0.466392
0 21 -1 0 1 0.658344 0.28406 0.694925
1 22 0 1 1 0.60501 0.403054 0.63159
2 23 1 2 1 0.638296 0.349433 0.412327
3 24 2 3 0 0.480101 0.550341 0.576475
4 25 3 4 0 0.321053 0.432636 0.319162
5 26 4 5 1 0.656665 0.575148 0.520534
6 27 5 6 1 0.606799 0.469257 0.301562
7 28 6 7 1 0.346728 0.463337 0.301
8 29 7 8 1 0.414095 0.6884 0.431491
9 30 8 9 0 0.575721 0.635099 0.609159
10 31 9 10 1 0.640086 0.420902 0.60723
11 32 10 11 0 0.710914 0.335784 0.5175
12 33 11 12 1 0.614579 0.731722 0.550133
13 34 12 13 0 0.577814 0.32593 0.407429
14 35 13 14 1 0.657438 0.554689 0.655288
15 36 14 15 0 0.430524 0.318094 0.700474
16 37 15 16 0 0.362825 0.495518 0.665449
17 38 16 17 0 0.707501 0.470665 0.466377
18 39 17 18 0 0.405564 0.31081 0.276426
19 40 18 19 0 0.393724 0.320437 0.578311
20 41 19 -1 1 0.66776 0.537375 0.657363
21 42 -1 20 1 0.301601 0.508491 0.706782
22 43 20 21 0 0.386821 0.305324 0.588543
23 44 21 22 1 0.634971 0.456767 0.380666
24 45 22 23 1 0.356403 0.565248 0.630816
25 46 23 24 0 0.618278 0.401237 0.597875
26 47 24 25 1 0.492782 0.679277 0.603467
27 48 25 26 1 0.474117 0.479872 0.704745
28 49 26 27 0 0.642742 0.567518 0.269214
29 50 27 28 0 0.678318 0.495034 0.544347
30 51 28 29 0 0.337794 0.307641 0.529136
31 52 29 30 0 0.686758 0.340484 0.50701
32 53 30 31 1 0.310483 0.291253 0.582602
33 54 31 32 0 0.285534 0.464151 0.487282
34 55 32 33 0 0.739963 0.561732 0.533866
35 56 33 34 1 0.688089 0.713119 0.387796
36 57 34 35 0 0.68563 0.377997 0.494731
37 58 35 36 0 0.442153 0.262566 0.441377
38 59 36 37 1 0.729857 0.704659 0.701375
39 60 37 38 0 0.516151 0.448236 0.500822
40 61 38 39 1 0.318455 0.268919 0.724915
41 62 39 -1 1 0.650465 0.368666 0.665498
42 63 -1 40 1 0.529876 0.632599 0.58462
43 64 40 41 1 0.714801 0.660199 0.460328
44 65 41 42 1 0.724384 0.727723 0.346395
45 66 42 43 1 0.360533 0.476922 0.631199
46 67 43 44 1 0.562757 0.259435 0.321738
47 68 44 45 0 0.458886 0.50473 0.494704
48 69 45 46 1 0.493013 0.57198 0.263147
49 70 46 47 1 0.716086 0.258438 0.57159
50 71 47 48 1 0.719716 0.259864 0.538684
51 72 48 49 1 0.662542 0.351696 0.458155
52 73 49 50 0 0.711182 0.344387 0.609186
53 74 50 51 1 0.595181 0.711745 0.30111
54 75 51 52 0 0.257435 0.717872 0.275225
55 76 52 53 1 0.711967 0.536143 0.456836
56 77 53 54 0 0.53502 0.588234 0.450048
57 78 54 55 0 0.461349 0.388344 0.395905
58 79 55 56 0 0.467066 0.483628 0.342304
59 80 56 57 1 0.599501 0.304787 0.557378
60 81 57 58 0 0.353952 0.37347 0.418109
61 82 58 59 1 0.66408 0.692297 0.442859
62 83 59 -1 1 0.627463 0.267038 0.610187
63 84 -1 60 1 0.413732 0.591184 0.536492
64 85 60 61 0 0.315609 0.433998 0.698797
65 86 61 62 0 0.686905 0.318672 0.421474
66 87 62 63 1 0.713335 0.520926 0.697259
67 88 63 64 0 0.336048 0.453697 0.284419
68 89 64 65 1 0.729686 0.32846 0.432695
69 90 65 66 0 0.304639 0.566104 0.508306
70 91 66 67 0 0.59852 0.325416 0.262601
71 92 67 68 0 0.542024 0.294715 0.268519
72 93 68 69 0 0.493725 0.536937 0.299429
73 94 69 70 1 0.51046 0.309448 0.39053
74 95 70 71 1 0.633254 0.592655 0.257265
75 96 71 72 1 0.347434 0.318357 0.625973
76 97 72 73 0 0.720508 0.581006 0.469047
77 98 73 74 0 0.269568 0.632166 0.315062
78 99 74 75 0 0.748364 0.256454 0.721365
79 100 75 76 1 0.478462 0.502186 0.742923
80 101 76 77 1 0.313379 0.453527 0.428686
81 102 77 78 1 0.432321 0.524866 0.420658
82 103 78 79 0 0.498449 0.424441 0.586474
83 104 79 -1 1 0.367441 0.577076 0.410573
84 105 -1 80 1 0.502977 0.532376 0.647237
85 106 80 81 1 0.614603 0.634772 0.614684
86 107 81 82 0 0.496302 0.349074 0.387388
87 108 82 83 1 0.336574 0.305379 0.509342
88 109 83 84 1 0.516128 0.567542 0.673962
89 110 84 85 0 0.28657 0.379877 0.594569
90 111 85 86 1 0.428244 0.500922 0.488508
91 112 86 87 1 0.354455 0.333408 0.584816
92 113 87 88 1 0.503923 0.42835 0.286441
93 114 88 89 1 0.716802 0.286069 0.46248
94 115 89 90 0 0.40151 0.68113 0.257661
95 116 90 91 0 0.501245 0.417774 0.525388
96 117 91 92 0 0.701692 0.331758 0.36164
97 118 92 93 1 0.590814 0.318856 0.514432
98 119 93 94 0 0.552596 0.477441 0.353445
99 120 94 95 0 0.349971 0.467256 0.675613
100 121 95 96 1 0.529198 0.730158 0.261092
101 122 96 97 0 0.675157 0.358096 0.520194
102 123 97 98 1 0.392884 0.7032 0.689907
103 124 98 99 0 0.265163 0.594811 0.48345
104 125 99 -1 1 0.345466 0.741585 0.315036
105 126 -1 100 1 0.312788 0.520855 0.507158
106 127 100 101 0 0.305369 0.341588 0.569408
107 128 101 102 0 0.545263 0.73771 0.68722
108 129 102 103 0 0.599198 0.716743 0.302471
109 130 103 104 0 0.622111 0.31363 0.679175
110 131 104 105 1 0.403181 0.258105 0.46802
111 132 105 106 0 0.504934 0.427647 0.465329
112 133 106 107 0 0.279297 0.639714 0.67157
113 134 107 108 1 0.578011 0.627957 0.581393
114 135 108 109 0 0.476728 0.361174 0.746809
115 136 109 110 0 0.610307 0.435643 0.3526
116 137 110 111 1 0.649059 0.742591 0.718714
117 138 111 112 0 0.428748 0.475326 0.302816
118 139 112 113 1 0.430736 0.38423 0.748637
119 140 113 114 0 0.339318 0.409354 0.520163
120 141 114 115 1 0.383986 0.655833 0.587239
121 142 115 116 0 0.72831 0.704349 0.490798
122 143 116 117 0 0.339863 0.581667 0.585191
123 144 117 118 0 0.309268 0.373519 0.736689
124 145 118 119 1 0.530186 0.341959 0.306782
125 146 119 -1 1 0.584742 0.255734 0.624208
126 147 -1 120 1 0.571631 0.400512 0.40321
127 148 120 121 1 0.256648 0.490893 0.441761
128 149 121 122 1 0.670376 0.504735 0.588945
129 150 122 123 1 0.405289 0.693467 0.598711
130 151 123 124 1 0.532775 0.35548 0.559337
131 152 124 125 0 0.269204 0.507535 0.643191
132 153 125 126 1 0.602809 0.40394 0.52737
133 154 126 127 1 0.511251 0.602665 0.494064
134 155 127 128 0 0.74049 0.409454 0.700669
135 156 128 129 0 0.638239 0.375233 0.548841
136 157 129 130 0 0.374212 0.387194 0.575448
137 158 130 131 0 0.547896 0.483466 0.615233
138 159 131 132 0 0.717604 0.274887 0.524185
139 160 132 133 0 0.474761 0.311352 0.386246
140 161 133 134 0 0.629514 0.737221 0.474693
141 162 134 135 0 0.670819 0.450148 0.643713
142 163 135 136 0 0.382821 0.571569 0.358075
143 164 136 137 0 0.66175 0.527956 0.357247
144 165 137 138 0 0.74319 0.292073 0.373556
145 166 138 139 0 0.36355 0.680865 0.305846
146 167 139 -1 1 0.347749 0.60939 0.510722
147 168 -1 140 1 0.709789 0.419993 0.325434
148 169 140 141 0 0.565404 0.739047 0.66463
149 170 141 142 0 0.442123 0.258141 0.567856
150 171 142 143 0 0.455631 0.286356 0.28739
151 172 143 144 1 0.658674 0.328632 0.312091
152 173 144 145 1 0.306506 0.44239 0.749017
153 174 145 146 1 0.726453 0.490178 0.423831
154 175 146 147 0 0.320575 0.395738 0.664518
155 176 147 148 1 0.551303 0.254676 0.344435
156 177 148 149 1 0.418359 0.352866 0.62381
157 178 149 150 0 0.367575 0.328495 0.517626
158 179 150 151 1 0.741618 0.374477 0.331191
159 180 151 152 1 0.322693 0.506563 0.30665
160 181 152 153 1 0.372665 0.389142 0.313522
161 182 153 154 0 0.363744 0.437461 0.40295
162 183 154 155 0 0.378143 0.451859 0.388429
163 184 155 156 0 0.331495 0.443545 0.667879
164 185 156 157 1 0.536003 0.593859 0.488335
165 186 157 158 1 0.45133 0.508967 0.713193
166 187 158 159 1 0.636012 0.450154 0.737426
167 188 159 -1 1 0.416296 0.689697 0.734754
168 189 -1 160 1 0.516651 0.345253 0.669481
169 190 160 161 1 0.46931 0.687237 0.386292
170 191 161 162 0 0.417426 0.672505 0.2849
171 192 162 163 1 0.3142 0.259008 0.640837
172 193 163 164 0 0.552514 0.598075 0.344436
173 194 164 165 0 0.434356 0.716105 0.581088
174 195 165 166 1 0.348444 0.304728 0.570203
175 196 166 167 0 0.400814 0.473958 0.313044
176 197 167 168 0 0.334973 0.38481 0.493715
177 198 168 169 1 0.365833 0.554536 0.589104
178 199 169 170 1 0.570939 0.266802 0.638042
179 200 170 171 1 0.579733 0.577392 0.729761
180 201 171 172 1 0.594919 0.311803 0.480074
181 202 172 173 1 0.601127 0.63628 0.464572
182 203 173 174 0 0.561689 0.311653 0.446768
183 204 174 175 1 0.331789 0.382947 0.691345
184 205 175 176 0 0.433762 0.741069 0.645513
185 206 176 177 1 0.629883 0.448286 0.349897
186 207 177 178 0 0.721553 0.634719 0.719077
187 208 178 179 0 0.535285 0.531831 0.488867
188 209 179 -1 1 0.384145 0.320371 0.482208
189 210 -1 180 1 0.471686 0.622988 0.559762
190 211 180 181 1 0.418083 0.727048 0.49067
191 212 181 182 0 0.686062 0.645446 0.511734
192 213 182 183 1 0.710263 0.395318 0.60653
193 214 183 184 1 0.445893 0.629606 0.294489
194 215 184 185 0 0.469165 0.251013 0.277448
195 216 185 186 0 0.570311 0.724839 0.368169
196 217 186 187 1 0.322843 0.522694 0.416312
197 218 187 188 1 0.450119 0.654655 0.283747
198 219 188 189 0 0.428393 0.499306 0.336235
199 220 189 190 0 0.596841 0.609746 0.50533
200 221 190 191 0 0.578617 0.316528 0.393981
201 222 191 192 0 0.630899 0.527815 0.48842
202 223 192 193 0 0.372008 0.340191 0.591502
203 224 193 194 0 0.371884 0.256542 0.694245
204 225 194 195 0 0.666732 0.267994 0.675176
205 226 195 196 1 0.67724 0.368118 0.466713
206 227 196 197 0 0.53828 0.372314 0.482863
207 228 197 198 1 0.480171 0.728875 0.694303
208 229 198 199 1 0.648495 0.262752 0.573608
209 230 199 -1 1 0.625739 0.288681 0.363923
200
221 20 220 0
222 21 221 1
223 22 222 2
224 23 223 3
225 24 224 4
226 25 225 5
227 26 226 6
228 27 227 7
229 28 228 8
230 29 229 9
231 30 230 10
232 31 231 11
233 32 232 12
234 33 233 13
235 34 234 14
236 35 235 15
237 36 236 16
238 37 237 17
239 38 238 18
240 39 239 19
242 40 241 20
243 41 242 21
244 42 243 22
245 43 244 23
246 44 245 24
247 45 246 25
248 46 247 26
249 47 248 27
250 48 249 28
251 49 250 29
252 50 251 30
253 51 252 31
254 52 253 32
255 53 254 33
256 54 255 34
257 55 256 35
258 56 257 36
259 57 258 37
260 58 259 38
261 59 260 39
263 60 262 40
264 61 263 41
265 62 264 42
266 63 265 43
267 64 266 44
268 65 267 45
269 66 268 46
270 67 269 47
271 68 270 48
272 69 271 49
273 70 272 50
274 71 273 51
275 72 274 52
276 73 275 53
277 74 276 54
278 75 277 55
279 76 278 56
280 77 279 57
281 78 280 58
282 79 281 59
284 80 283 60
285 81 284 61
286 82 285 62
287 83 286 63
288 84 287 64
289 85 288 65
290 86 289 66
291 87 290 67
292 88 291 68
293 89 292 69
294 90 293 70
295 91 294 71
296 92 295 72
297 93 296 73
298 94 297 74
299 95 298 75
300 96 299 76
301 97 300 77
302 98 301 78
303 99 302 79
305 100 304 80
306 101 305 81
307 102 306 82
308 103 307 83
309 104 308 84
310 105 309 85
311 106 310 86
312 107 311 87
313 108 312 88
314 109 313 89
315 110 314 90
316 111 315 91
317 112 316 92
318 113 317 93
319 114 318 94
320 115 319 95
321 116 320 96
322 117 321 97
323 118 322 98
324 119 323 99
326 120 325 100
327 121 326 101
328 122 327 102
329 123 328 103
330 124 329 104
331 125 330 105
332 126 331 106
333 127 332 107
334 128 333 108
335 129 334 109
336 130 335 110
337 131 336 111
338 132 337 112
339 133 338 113
340 134 339 114
341 135 340 115
342 136 341 116
343 137 342 117
344 138 343 118
345 139 344 119
347 140 346 120
348 141 347 121
349 142 348 122
350 143 349 123
351 144 350 124
352 145 351 125
353 146 352 126
354 147 353 127
355 148 354 128
356 149 355 129
357 150 356 130
358 151 357 131
359 152 358 132
360 153 359 133
361 154 360 134
362 155 361 135
363 156 362 136
364 157 363 137
365 158 364 138
366 159 365 139
368 160 367 140
369 161 368 141
370 162 369 142
371 163 370 143
372 164 371 144
373 165 372 145
374 166 373 146
375 167 374 147
376 168 375 148
377 169 376 149
378 170 377 150
379 171 378 151
380 172 379 152
381 173 380 153
382 174 381 154
383 175 382 155
384 176 383 156
385 177 384 157
386 178 385 158
387 179 386 159
389 180 388 160
390 181 389 161
391 182 390 162
392 183 391 163
393 184 392 164
394 185 393 165
395 186 394 166
396 187 395 167
397 188 396 168
398 189 397 169
399 190 398 170
400 191 399 171
401 192 400 172
402 193 401 173
403 194 402 174
404 195 403 175
405 196 404 176
406 197 405 177
407 198 406 178
408 199 407 179
410 200 409 180
411 201 410 181
412 202 411 182
413 203 412 183
414 204 413 184
415 205 414 185
416 206 415 186
417 207 416 187
418 208 417 188
419 209 418 189
420 210 419 190
421 211 420 191
422 212 421 192
423 213 422 193
424 214 423 194
425 215 424 195
426 216 425 196
427 217 426 197
428 218 427 198
429 219 428 199
2.5 2.5 0 0 120
