121
0 0
5 0
10 0
15 0
20 0
25 0
30 0
35 0
40 0
45 0
50 0
0 5
5 5
10 5
15 5
20 5
25 5
30 5
35 5
40 5
45 5
50 5
0 10
5 10
10 10
15 10
20 10
25 10
30 10
35 10
40 10
45 10
50 10
0 15
5 15
10 15
15 15
20 15
25 15
30 15
35 15
40 15
45 15
50 15
0 20
5 20
10 20
15 20
20 20
25 20
30 20
35 20
40 20
45 20
50 20
0 25
5 25
10 25
15 25
20 25
25 25
30 25
35 25
40 25
45 25
50 25
0 30
5 30
10 30
15 30
20 30
25 30
30 30
35 30
40 30
45 30
50 30
0 35
5 35
10 35
15 35
20 35
25 35
30 35
35 35
40 35
45 35
50 35
0 40
5 40
10 40
15 40
20 40
25 40
30 40
35 40
40 40
45 40
50 40
0 45
5 45
10 45
15 45
20 45
25 45
30 45
35 45
40 45
45 45
50 45
0 50
5 50
10 50
15 50
20 50
25 50
30 50
35 50
40 50
45 50
50 50
220
0 1 0 -1 1 0.383038 0.718958 0.531554
1 2 1 -1 1 0.332698 0.647462 0.401419
2 3 2 -1 1 0.653947 0.394447 0.467909
3 4 3 -1 1 0.641581 0.55605 0.538786
4 5 4 -1 1 0.374663 0.452844 0.445254
5 6 5 -1 1 0.389992 0.603545 0.277665
6 7 6 -1 1 0.716558 0.693801 0.72074
7 8 7 -1 1 0.47943 0.28285 0.359028
8 9 8 -1 1 0.683979 0.634758 0.384503
9 10 9 -1 1 0.338415 0.740943 0.528358
11 12 10 0 0 0.619355 0.49675 0.380135
12 13 11 1 1 0.42594 0.28095 0.4212
13 14 12 2 1 0.606969 0.324958 0.572775
14 15 13 3 1 0.627902 0.640773 0.476122
15 16 14 4 0 0.67992 0.422053 0.447112
16 17 15 5 1 0.606875 0.748356 0.614198
17 18 16 6 1 0.324759 0.718323 0.348063
18 19 17 7 0 0.399233 0.401728 0.34706
19 20 18 8 0 0.54416 0.701201 0.579443
20 21 19 9 0 0.695146 0.326762 0.382828
22 23 20 10 1 0.686507 0.622031 0.481512
23 24 21 11 0 0.263793 0.576895 0.3778
24 25 22 12 1 0.689307 0.680788 0.510566
25 26 23 13 1 0.580735 0.417356 0.496589
26 27 24 14 0 0.666463 0.736737 0.347361
27 28 25 15 1 0.597033 0.325288 0.620966
28 29 26 16 0 0.581294 0.309731 0.641144
29 30 27 17 1 0.702194 0.278833 0.345992
30 31 28 18 0 0.59331 0.263417 0.255059
31 32 29 19 0 0.282512 0.678645 0.491576
33 34 30 20 0 0.414107 0.389428 0.611118
34 35 31 21 1 0.554026 0.522388 0.268419
35 36 32 22 1 0.325746 0.308915 0.426347
36 37 33 23 0 0.618395 0.357509 0.651862
37 38 34 24 1 0.343512 0.407602 0.569364
38 39 35 25 1 0.293372 0.705096 0.550508
39 40 36 26 0 0.393049 0.469094 0.565001
40 41 37 27 0 0.475264 0.261983 0.654522
41 42 38 28 0 0.554628 0.638267 0.35803
42 43 39 29 0 0.417685 0.533131 0.325858
44 45 40 30 0 0.687173 0.311662 0.595273
45 46 41 31 0 0.261319 0.493936 0.577598
46 47 42 32 1 0.692092 0.49163 0.317105
47 48 43 33 0 0.587886 0.597587 0.647598
48 49 44 34 1 0.673473 0.560379 0.28652
49 50 45 35 1 0.541082 0.466356 0.550035
50 51 46 36 0 0.443708 0.393455 0.294181
51 52 47 37 0 0.303143 0.419353 0.571979
52 53 48 38 1 0.749882 0.259535 0.507417
53 54 49 39 0 0.659617 0.679248 0.624043
55 56 50 40 0 0.29806 0.486847 0.444288
56 57 51 41 0 0.653696 0.675161 0.433636
57 58 52 42 0 0.622925 0.495454 0.594274
58 59 53 43 1 0.459282 0.659229 0.669446
59 60 54 44 1 0.385697 0.414375 0.397416
60 61 55 45 1 0.377088 0.719611 0.498376
61 62 56 46 1 0.697169 0.317071 0.507854
62 63 57 47 0 0.503263 0.348156 0.465571
63 64 58 48 0 0.348496 0.673823 0.446963
64 65 59 49 0 0.605027 0.695158 0.516457
66 67 60 50 1 0.595737 0.548306 0.383929
67 68 61 51 0 0.693812 0.396552 0.344303
68 69 62 52 1 0.700808 0.475592 0.2672
69 70 63 53 0 0.33392 0.694761 0.355415
70 71 64 54 0 0.455404 0.469573 0.610024
71 72 65 55 1 0.666132 0.68567 0.553831
72 73 66 56 1 0.743119 0.606343 0.306733
73 74 67 57 0 0.257013 0.621953 0.671925
74 75 68 58 0 0.545703 0.638332 0.451226
75 76 69 59 1 0.747471 0.74014 0.534935
77 78 70 60 1 0.647662 0.749767 0.334311
78 79 71 61 0 0.263836 0.295199 0.415996
79 80 72 62 0 0.645778 0.589896 0.387616
80 81 73 63 1 0.654856 0.672232 0.700303
81 82 74 64 0 0.49059 0.350727 0.668033
82 83 75 65 1 0.631661 0.324755 0.649271
83 84 76 66 1 0.290158 0.693475 0.731614
84 85 77 67 0 0.741725 0.667259 0.626552
85 86 78 68 0 0.456046 0.262958 0.531341
86 87 79 69 0 0.743998 0.375856 0.514783
88 89 80 70 1 0.45178 0.571787 0.532089
89 90 81 71 0 0.326785 0.26821 0.304502
90 91 82 72 1 0.261504 0.601983 0.521715
91 92 83 73 1 0.455669 0.42527 0.506263
92 93 84 74 0 0.254756 0.690801 0.298284
93 94 85 75 0 0.258641 0.476679 0.549043
94 95 86 76 1 0.26784 0.579431 0.499429
95 96 87 77 0 0.395525 0.582733 0.493333
96 97 88 78 1 0.445342 0.359659 0.295554
97 98 89 79 1 0.367488 0.372931 0.356712
99 100 90 80 0 0.252586 0.705641 0.714842
100 101 91 81 1 0.355302 0.55475 0.688878
101 102 92 82 0 0.468515 0.334969 0.330146
102 103 93 83 1 0.268034 0.34046 0.61269
103 104 94 84 1 0.476334 0.250502 0.68368
104 105 95 85 0 0.607427 0.533987 0.71486
105 106 96 86 1 0.659501 0.731269 0.434344
106 107 97 87 0 0.511168 0.698337 0.44528
107 108 98 88 0 0.321699 0.293708 0.34504
108 109 99 89 0 0.58716 0.401001 0.618938
110 111 -1 90 1 0.483983 0.300065 0.688422
111 112 -1 91 1 0.311466 0.301104 0.651294
112 113 -1 92 1 0.302389 0.255846 0.498878
113 114 -1 93 1 0.646869 0.432351 0.515935
114 115 -1 94 1 0.324944 0.332192 0.656294
115 116 -1 95 1 0.333169 0.571066 0.415042
116 117 -1 96 1 0.616665 0.295609 0.305478
117 118 -1 97 1 0.67684 0.654577 0.470897
118 119 -1 98 1 0.359045 0.473324 0.652555
119 120 -1 99 1 0.491067 0.363117 0.412094
0 11 -1 0 1 0.558957 0.382339 0.464765
1 12 0 1 0 0.307907 0.48965 0.544505
2 13 1 2 1 0.504183 0.311297 0.47317
3 14 2 3 0 0.576153 0.408899 0.369077
4 15 3 4 0 0.581915 0.748237 0.612995
5 16 4 5 0 0.61233 0.437437 0.50933
6 17 5 6 0 0.316626 0.537784 0.538694
7 18 6 7 1 0.336057 0.610228 0.605951
8 19 7 8 1 0.713932 0.560424 0.543827
9 20 8 9 1 0.597845 0.481951 0.642076
10 21 9 -1 1 0.366285 0.650681 0.495902
11 22 -1 10 1 0.629173 0.51712 0.728015
12 23 10 11 0 0.253157 0.305654 0.622686
13 24 11 12 0 0.478034 0.314171 0.268701
14 25 12 13 1 0.561486 0.390289 0.58461
15 26 13 14 0 0.542547 0.579251 0.464989
16 27 14 15 0 0.564306 0.287212 0.664183
17 28 15 16 1 0.432052 0.503936 0.656955
18 29 16 17 0 0.439464 0.57046 0.727097
19 30 17 18 1 0.327101 0.589863 0.330848
20 31 18 19 1 0.556608 0.409611 0.329918
21 32 19 -1 1 0.429321 0.594212 0.414036
22 33 -1 20 1 0.695703 0.678443 0.596653
23 34 20 21 0 0.452366 0.412766 0.356892
24 35 21 22 0 0.281782 0.406542 0.254798
25 36 22 23 0 0.388863 0.613991 0.341946
26 37 23 24 0 0.587221 0.423633 0.504025
27 38 24 25 0 0.653407 0.319553 0.719499
28 39 25 26 1 0.613547 0.385881 0.509524
29 40 26 27 1 0.567258 0.403094 0.297833
30 41 27 28 1 0.687126 0.5193 0.380757
31 42 28 29 1 0.389487 0.607954 0.390564
32 43 29 -1 1 0.71667 0.577072 0.356008
33 44 -1 30 1 0.421518 0.45207 0.438517
34 45 30 31 0 0.661424 0.551325 0.61962
35 46 31 32 0 0.451496 0.294533 0.708518
36 47 32 33 1 0.56009 0.434433 0.518949
37 48 33 34 0 0.479374 0.333022 0.604214
38 49 34 35 0 0.533064 0.708123 0.420652
39 50 35 36 0 0.404164 0.288708 0.309157
40 51 36 37 0 0.509301 0.330167 0.609255
41 52 37 38 0 0.256485 0.749132 0.663436
42 53 38 39 0 0.369286 0.585245 0.70565
43 54 39 -1 1 0.356777 0.358859 0.335071
44 55 -1 40 1 0.538345 0.468749 0.269293
45 56 40 41 1 0.507784 0.319106 0.720428
46 57 41 42 1 0.735704 0.478261 0.626117
47 58 42 43 1 0.655714 0.589938 0.587469
48 59 43 44 0 0.592717 0.289156 0.341725
49 60 44 45 1 0.368878 0.728566 0.515226
50 61 45 46 0 0.411805 0.707605 0.724758
51 62 46 47 1 0.504683 0.704006 0.730277
52 63 47 48 0 0.266278 0.340319 0.74209
53 64 48 49 1 0.311844 0.654014 0.51737
54 65 49 -1 1 0.443983 0.515407 0.447654
55 66 -1 50 1 0.715626 0.529237 0.390856
56 67 50 51 1 0.615398 0.498654 0.372908
57 68 51 52 0 0.463992 0.317914 0.686179
58 69 52 53 0 0.609873 0.628096 0.40174
59 70 53 54 1 0.537081 0.715887 0.420621
60 71 54 55 0 0.375321 0.517287 0.546326
61 72 55 56 1 0.602587 0.6824 0.599117
62 73 56 57 0 0.357679 0.502484 0.746701
63 74 57 58 1 0.300921 0.582864 0.702556
64 75 58 59 1 0.36641 0.252206 0.325468
65 76 59 -1 1 0.636881 0.562568 0.587454
66 77 -1 60 1 0.345431 0.655433 0.358162
67 78 60 61 0 0.629984 0.648549 0.671296
68 79 61 62 0 0.466589 0.458579 0.335871
69 80 62 63 1 0.480596 0.380615 0.490877
70 81 63 64 1 0.66972 0.482629 0.541539
71 82 64 65 0 0.639685 0.6825 0.28163
72 83 65 66 0 0.351374 0.534649 0.352062
73 84 66 67 1 0.60162 0.428741 0.35415
74 85 67 68 1 0.703242 0.393533 0.604237
75 86 68 69 0 0.4135 0.694236 0.517562
76 87 69 -1 1 0.657752 0.337735 0.305725
77 88 -1 70 1 0.324573 0.604621 0.367895
78 89 70 71 0 0.710811 0.593368 0.733574
79 90 71 72 1 0.679278 0.618251 0.448999
80 91 72 73 0 0.318325 0.594844 0.540054
81 92 73 74 0 0.681421 0.636494 0.553768
82 93 74 75 0 0.685945 0.679227 0.273219
83 94 75 76 0 0.485168 0.722675 0.493475
84 95 76 77 1 0.329512 0.610675 0.61167
85 96 77 78 1 0.333126 0.354766 0.55052
86 97 78 79 1 0.595157 0.300935 0.316842
87 98 79 -1 1 0.656271 0.443122 0.55655
88 99 -1 80 1 0.434797 0.640716 0.508415
89 100 80 81 0 0.42703 0.59078 0.73425
90 101 81 82 0 0.536271 0.601844 0.688537
91 102 82 83 0 0.739112 0.25563 0.375559
92 103 83 84 1 0.517857 0.625571 0.47491
93 104 84 85 1 0.30641 0.330412 0.739637
94 105 85 86 0 0.587253 0.469131 0.687859
95 106 86 87 1 0.344364 0.733748 0.595946
96 107 87 88 0 0.568834 0.395632 0.38029
97 108 88 89 0 0.526745 0.497941 0.392635
98 109 89 -1 1 0.508259 0.303924 0.556861
99 110 -1 90 1 0.66545 0.71143 0.502635
100 111 90 91 0 0.280249 0.64793 0.259963
101 112 91 92 1 0.693938 0.510121 0.610524
102 113 92 93 0 0.585106 0.383593 0.555418
103 114 93 94 1 0.404382 0.446205 0.36369
104 115 94 95 0 0.544523 0.296318 0.722315
105 116 95 96 0 0.453032 0.609628 0.51157
106 117 96 97 1 0.458625 0.616305 0.731523
107 118 97 98 1 0.709936 0.394057 0.419484
108 119 98 99 1 0.264251 0.260101 0.510954
109 120 99 -1 1 0.601146 0.455174 0.603288
100
111 10 110 0
112 11 111 1
113 12 112 2
114 13 113 3
115 14 114 4
116 15 115 5
117 16 116 6
118 17 117 7
119 18 118 8
120 19 119 9
122 20 121 10
123 21 122 11
124 22 123 12
125 23 124 13
126 24 125 14
127 25 126 15
128 26 127 16
129 27 128 17
130 28 129 18
131 29 130 19
133 30 132 20
134 31 133 21
135 32 134 22
136 33 135 23
137 34 136 24
138 35 137 25
139 36 138 26
140 37 139 27
141 38 140 28
142 39 141 29
144 40 143 30
145 41 144 31
146 42 145 32
147 43 146 33
148 44 147 34
149 45 148 35
150 46 149 36
151 47 150 37
152 48 151 38
153 49 152 39
155 50 154 40
156 51 155 41
157 52 156 42
158 53 157 43
159 54 158 44
160 55 159 45
161 56 160 46
162 57 161 47
163 58 162 48
164 59 163 49
166 60 165 50
167 61 166 51
168 62 167 52
169 63 168 53
170 64 169 54
171 65 170 55
172 66 171 56
173 67 172 57
174 68 173 58
175 69 174 59
177 70 176 60
178 71 177 61
179 72 178 62
180 73 179 63
181 74 180 64
182 75 181 65
183 76 182 66
184 77 183 67
185 78 184 68
186 79 185 69
188 80 187 70
189 81 188 71
190 82 189 72
191 83 190 73
192 84 191 74
193 85 192 75
194 86 193 76
195 87 194 77
196 88 195 78
197 89 196 79
199 90 198 80
200 91 199 81
201 92 200 82
202 93 201 83
203 94 202 84
204 95 203 85
205 96 204 86
206 97 205 87
207 98 206 88
208 99 207 89
210 100 209 90
211 101 210 91
212 102 211 92
213 103 212 93
214 104 213 94
215 105 214 95
216 106 215 96
217 107 216 97
218 108 217 98
219 109 218 99
2.5 2.5 0 0 45
