121
0 0
5 0
10 0
15 0
20 0
25 0
30 0
35 0
40 0
45 0
50 0
0 5
5 5
10 5
15 5
20 5
25 5
30 5
35 5
40 5
45 5
50 5
0 10
5 10
10 10
15 10
20 10
25 10
30 10
35 10
40 10
45 10
50 10
0 15
5 15
10 15
15 15
20 15
25 15
30 15
35 15
40 15
45 15
50 15
0 20
5 20
10 20
15 20
20 20
25 20
30 20
35 20
40 20
45 20
50 20
0 25
5 25
10 25
15 25
20 25
25 25
30 25
35 25
40 25
45 25
50 25
0 30
5 30
10 30
15 30
20 30
25 30
30 30
35 30
40 30
45 30
50 30
0 35
5 35
10 35
15 35
20 35
25 35
30 35
35 35
40 35
45 35
50 35
0 40
5 40
10 40
15 40
20 40
25 40
30 40
35 40
40 40
45 40
50 40
0 45
5 45
10 45
15 45
20 45
25 45
30 45
35 45
40 45
45 45
50 45
0 50
5 50
10 50
15 50
20 50
25 50
30 50
35 50
40 50
45 50
50 50
220
0 1 0 -1 1 0.40915 0.281601 0.353101
1 2 1 -1 1 0.571769 0.678167 0.693922
2 3 2 -1 1 0.29547 0.504378 0.533496
3 4 3 -1 1 0.369131 0.317323 0.449933
4 5 4 -1 1 0.297405 0.70926 0.43993
5 6 5 -1 1 0.515691 0.748935 0.301758
6 7 6 -1 1 0.720431 0.395953 0.715821
7 8 7 -1 1 0.523321 0.510485 0.290156
8 9 8 -1 1 0.627704 0.347691 0.269168
9 10 9 -1 1 0.648158 0.544499 0.599009
11 12 10 0 1 0.296064 0.703649 0.63061
12 13 11 1 0 0.399165 0.525418 0.558777
13 14 12 2 1 0.343088 0.570887 0.313155
14 15 13 3 0 0.626584 0.690018 0.380479
15 16 14 4 0 0.326517 0.737423 0.339738
16 17 15 5 1 0.516447 0.503114 0.338673
17 18 16 6 1 0.568204 0.473545 0.484626
18 19 17 7 1 0.534025 0.746866 0.74511
19 20 18 8 0 0.574181 0.62457 0.342801
20 21 19 9 1 0.59335 0.522728 0.6373
22 23 20 10 1 0.442359 0.568792 0.590949
23 24 21 11 0 0.322969 0.717957 0.366366
24 25 22 12 0 0.631746 0.311045 0.687254
25 26 23 13 0 0.694902 0.687629 0.627272
26 27 24 14 1 0.32538 0.264146 0.614695
27 28 25 15 1 0.415118 0.530592 0.367809
28 29 26 16 0 0.503791 0.348797 0.591354
29 30 27 17 1 0.738417 0.632822 0.58822
30 31 28 18 1 0.733527 0.457003 0.46279
31 32 29 19 0 0.326329 0.300353 0.735518
33 34 30 20 0 0.713629 0.492712 0.55431
34 35 31 21 0 0.554578 0.565681 0.522268
35 36 32 22 0 0.670944 0.447427 0.583313
36 37 33 23 0 0.608198 0.392329 0.520942
37 38 34 24 1 0.48547 0.467709 0.535087
38 39 35 25 0 0.350165 0.632828 0.315679
39 40 36 26 0 0.467974 0.386619 0.414476
40 41 37 27 1 0.309328 0.375035 0.297298
41 42 38 28 1 0.647548 0.358562 0.504301
42 43 39 29 1 0.360337 0.434891 0.554654
44 45 40 30 1 0.345856 0.39852 0.297365
45 46 41 31 1 0.650166 0.703098 0.613047
46 47 42 32 1 0.422434 0.624042 0.310474
47 48 43 33 0 0.255747 0.48224 0.452803
48 49 44 34 0 0.526688 0.71771 0.670512
49 50 45 35 0 0.311775 0.317875 0.55334
50 51 46 36 0 0.377455 0.535849 0.689958
51 52 47 37 1 0.541931 0.595177 0.314994
52 53 48 38 1 0.589229 0.492724 0.423556
53 54 49 39 0 0.34353 0.603062 0.608447
55 56 50 40 0 0.648183 0.698918 0.256967
56 57 51 41 1 0.695549 0.599084 0.710064
57 58 52 42 0 0.558596 0.271518 0.584106
58 59 53 43 1 0.619069 0.277264 0.316346
59 60 54 44 0 0.321872 0.553953 0.284057
60 61 55 45 0 0.742384 0.615728 0.351932
61 62 56 46 1 0.545724 0.743183 0.637781
62 63 57 47 1 0.485682 0.535114 0.482958
63 64 58 48 1 0.550676 0.374343 0.725682
64 65 59 49 0 0.724232 0.467873 0.578744
66 67 60 50 1 0.582679 0.366056 0.527662
67 68 61 51 1 0.589646 0.311605 0.376745
68 69 62 52 1 0.54971 0.620201 0.398263
69 70 63 53 0 0.383816 0.48927 0.425527
70 71 64 54 0 0.450163 0.561142 0.72948
71 72 65 55 0 0.484219 0.553527 0.595208
72 73 66 56 1 0.586151 0.349251 0.588391
73 74 67 57 1 0.473932 0.584933 0.373505
74 75 68 58 0 0.70689 0.385609 0.497847
75 76 69 59 1 0.682572 0.359842 0.71572
77 78 70 60 1 0.511316 0.69252 0.331777
78 79 71 61 0 0.288978 0.532166 0.393382
79 80 72 62 1 0.415723 0.331876 0.263583
80 81 73 63 1 0.563986 0.465693 0.502853
81 82 74 64 0 0.739513 0.665855 0.313995
82 83 75 65 0 0.718993 0.400075 0.617522
83 84 76 66 1 0.564201 0.736226 0.716773
84 85 77 67 0 0.402591 0.460158 0.551706
85 86 78 68 0 0.526096 0.417048 0.687316
86 87 79 69 1 0.273943 0.34962 0.297157
88 89 80 70 1 0.739664 0.610937 0.739678
89 90 81 71 0 0.32144 0.649915 0.521844
90 91 82 72 1 0.464822 0.315638 0.60372
91 92 83 73 0 0.478405 0.629624 0.319413
92 93 84 74 0 0.731257 0.619138 0.735268
93 94 85 75 1 0.295253 0.588131 0.385343
94 95 86 76 0 0.662775 0.402331 0.371569
95 96 87 77 1 0.629548 0.554922 0.581727
96 97 88 78 0 0.431254 0.331018 0.748775
97 98 89 79 1 0.36857 0.354962 0.348395
99 100 90 80 0 0.415728 0.344625 0.709331
100 101 91 81 1 0.405406 0.416065 0.609246
101 102 92 82 0 0.67725 0.630887 0.674884
102 103 93 83 0 0.53097 0.359292 0.554508
103 104 94 84 1 0.600383 0.340549 0.423646
104 105 95 85 0 0.585651 0.385802 0.261776
105 106 96 86 0 0.720994 0.298577 0.414108
106 107 97 87 1 0.342563 0.678125 0.71903
107 108 98 88 0 0.674289 0.359379 0.300048
108 109 99 89 0 0.673064 0.477949 0.40501
110 111 -1 90 1 0.271459 0.643677 0.499635
111 112 -1 91 1 0.73079 0.299082 0.6657
112 113 -1 92 1 0.590036 0.726332 0.546587
113 114 -1 93 1 0.51492 0.507302 0.655879
114 115 -1 94 1 0.319429 0.357685 0.746428
115 116 -1 95 1 0.493074 0.693336 0.38223
116 117 -1 96 1 0.504851 0.664331 0.430807
117 118 -1 97 1 0.668958 0.256893 0.358931
118 119 -1 98 1 0.637988 0.681183 0.46831
119 120 -1 99 1 0.688036 0.604247 0.696259
0 11 -1 0 1 0.343046 0.625706 0.589936
1 12 0 1 0 0.592681 0.606496 0.639018
2 13 1 2 1 0.508381 0.446532 0.61535
3 14 2 3 0 0.304968 0.711452 0.372652
4 15 3 4 1 0.710848 0.280881 0.480338
5 16 4 5 0 0.707276 0.523955 0.423674
6 17 5 6 0 0.339506 0.278806 0.338005
7 18 6 7 0 0.520313 0.697764 0.344898
8 19 7 8 0 0.629245 0.585752 0.276081
9 20 8 9 0 0.347555 0.523789 0.630328
10 21 9 -1 1 0.293814 0.616835 0.506034
11 22 -1 10 1 0.63375 0.459515 0.36253
12 23 10 11 0 0.522769 0.717896 0.559062
13 24 11 12 1 0.388119 0.272865 0.520514
14 25 12 13 1 0.510772 0.733712 0.551395
15 26 13 14 0 0.741109 0.690988 0.32535
16 27 14 15 1 0.414783 0.280495 0.354156
17 28 15 16 0 0.502788 0.550808 0.30192
18 29 16 17 0 0.597687 0.430052 0.637672
19 30 17 18 1 0.623768 0.527607 0.411461
20 31 18 19 0 0.504096 0.571422 0.278295
21 32 19 -1 1 0.26013 0.455172 0.487811
22 33 -1 20 1 0.372659 0.727941 0.455707
23 34 20 21 1 0.681721 0.36606 0.478572
24 35 21 22 1 0.452235 0.626832 0.462284
25 36 22 23 1 0.25363 0.617941 0.403272
26 37 23 24 0 0.32898 0.282725 0.433767
27 38 24 25 1 0.433136 0.535513 0.734575
28 39 25 26 1 0.485056 0.3832 0.414627
29 40 26 27 0 0.372729 0.256968 0.692235
30 41 27 28 1 0.53419 0.511064 0.513656
31 42 28 29 0 0.562485 0.521193 0.718829
32 43 29 -1 1 0.300296 0.643853 0.69677
33 44 -1 30 1 0.506003 0.575574 0.31283
34 45 30 31 0 0.734575 0.277809 0.689662
35 46 31 32 0 0.446859 0.281439 0.557603
36 47 32 33 0 0.600131 0.360419 0.590328
37 48 33 34 1 0.283898 0.543555 0.375841
38 49 34 35 1 0.268472 0.278612 0.509041
39 50 35 36 1 0.433099 0.401341 0.516009
40 51 36 37 0 0.375334 0.68553 0.277072
41 52 37 38 0 0.63899 0.498015 0.548266
42 53 38 39 1 0.607819 0.548311 0.442118
43 54 39 -1 1 0.554588 0.304314 0.267692
44 55 -1 40 1 0.617418 0.288889 0.295501
45 56 40 41 0 0.55708 0.485748 0.32694
46 57 41 42 1 0.364683 0.335879 0.437359
47 58 42 43 0 0.705011 0.369776 0.730915
48 59 43 44 1 0.330853 0.388249 0.259527
49 60 44 45 1 0.589894 0.571348 0.410867
50 61 45 46 0 0.355902 0.696682 0.346398
51 62 46 47 0 0.382975 0.585672 0.594413
52 63 47 48 0 0.68124 0.44349 0.392724
53 64 48 49 1 0.373359 0.748079 0.447039
54 65 49 -1 1 0.391051 0.615497 0.485928
55 66 -1 50 1 0.436552 0.422577 0.721676
56 67 50 51 0 0.513492 0.537261 0.307554
57 68 51 52 0 0.700852 0.492272 0.42733
58 69 52 53 0 0.681766 0.573125 0.565579
59 70 53 54 1 0.691293 0.413019 0.386927
60 71 54 55 1 0.35216 0.518921 0.333609
61 72 55 56 0 0.448558 0.651896 0.66928
62 73 56 57 0 0.292971 0.583136 0.362771
63 74 57 58 1 0.435696 0.706495 0.36085
64 75 58 59 0 0.632734 0.347546 0.726347
65 76 59 -1 1 0.368662 0.534098 0.398924
66 77 -1 60 1 0.340338 0.29759 0.686185
67 78 60 61 0 0.397892 0.748441 0.428457
68 79 61 62 1 0.575222 0.680208 0.251582
69 80 62 63 0 0.390801 0.621501 0.414601
70 81 63 64 0 0.527728 0.723661 0.683522
71 82 64 65 1 0.611337 0.422219 0.585417
72 83 65 66 0 0.530617 0.46519 0.418553
73 84 66 67 1 0.643388 0.650886 0.375048
74 85 67 68 1 0.254237 0.53362 0.472593
75 86 68 69 0 0.730584 0.652282 0.256691
76 87 69 -1 1 0.379508 0.74262 0.304281
77 88 -1 70 1 0.315693 0.390511 0.302722
78 89 70 71 0 0.49415 0.715734 0.732929
79 90 71 72 0 0.495732 0.356535 0.60443
80 91 72 73 0 0.660332 0.634263 0.578091
81 92 73 74 1 0.593854 0.4956 0.25031
82 93 74 75 0 0.429271 0.276216 0.4655
83 94 75 76 1 0.597824 0.669604 0.366385
84 95 76 77 0 0.722872 0.673841 0.650005
85 96 77 78 0 0.445465 0.654425 0.552287
86 97 78 79 0 0.452156 0.283933 0.544907
87 98 79 -1 1 0.506437 0.349626 0.685418
88 99 -1 80 1 0.559158 0.593776 0.651152
89 100 80 81 1 0.542088 0.339507 0.257686
90 101 81 82 1 0.396518 0.74984 0.641949
91 102 82 83 1 0.724608 0.593694 0.387549
92 103 83 84 0 0.724918 0.272965 0.413765
93 104 84 85 0 0.440418 0.620789 0.333369
94 105 85 86 0 0.556803 0.593661 0.257211
95 106 86 87 0 0.456808 0.289127 0.661636
96 107 87 88 1 0.259095 0.491283 0.695569
97 108 88 89 0 0.554002 0.747719 0.295195
98 109 89 -1 1 0.48942 0.556878 0.638971
99 110 -1 90 1 0.390572 0.348965 0.728479
100 111 90 91 0 0.398259 0.495483 0.728318
101 112 91 92 0 0.290208 0.470091 0.572012
102 113 92 93 0 0.427757 0.445009 0.594977
103 114 93 94 0 0.591522 0.635427 0.465767
104 115 94 95 1 0.674892 0.44223 0.309428
105 116 95 96 1 0.682102 0.649038 0.348555
106 117 96 97 1 0.593739 0.658134 0.589838
107 118 97 98 0 0.539308 0.462136 0.587557
108 119 98 99 1 0.584504 0.701556 0.394435
109 120 99 -1 1 0.473475 0.342128 0.493401
100
111 10 110 0
112 11 111 1
113 12 112 2
114 13 113 3
115 14 114 4
116 15 115 5
117 16 116 6
118 17 117 7
119 18 118 8
120 19 119 9
122 20 121 10
123 21 122 11
124 22 123 12
125 23 124 13
126 24 125 14
127 25 126 15
128 26 127 16
129 27 128 17
130 28 129 18
131 29 130 19
133 30 132 20
134 31 133 21
135 32 134 22
136 33 135 23
137 34 136 24
138 35 137 25
139 36 138 26
140 37 139 27
141 38 140 28
142 39 141 29
144 40 143 30
145 41 144 31
146 42 145 32
147 43 146 33
148 44 147 34
149 45 148 35
150 46 149 36
151 47 150 37
152 48 151 38
153 49 152 39
155 50 154 40
156 51 155 41
157 52 156 42
158 53 157 43
159 54 158 44
160 55 159 45
161 56 160 46
162 57 161 47
163 58 162 48
164 59 163 49
166 60 165 50
167 61 166 51
168 62 167 52
169 63 168 53
170 64 169 54
171 65 170 55
172 66 171 56
173 67 172 57
174 68 173 58
175 69 174 59
177 70 176 60
178 71 177 61
179 72 178 62
180 73 179 63
181 74 180 64
182 75 181 65
183 76 182 66
184 77 183 67
185 78 184 68
186 79 185 69
188 80 187 70
189 81 188 71
190 82 189 72
191 83 190 73
192 84 191 74
193 85 192 75
194 86 193 76
195 87 194 77
196 88 195 78
197 89 196 79
199 90 198 80
200 91 199 81
201 92 200 82
202 93 201 83
203 94 202 84
204 95 203 85
205 96 204 86
206 97 205 87
207 98 206 88
208 99 207 89
210 100 209 90
211 101 210 91
212 102 211 92
213 103 212 93
214 104 213 94
215 105 214 95
216 106 215 96
217 107 216 97
218 108 217 98
219 109 218 99
2.5 2.5 0 0 45
